00600003000000000000000000070000002107438020005000000044256198
00600003000000000000000000080000001487603310005000000031239669
00600003000000000000000000090000001363636360005000000028636364
00600003000000000000000000100000001611570250005000000033842975
00800003000000000000000000020000001074380170005000000022561983
00800003000000000000000000030000001074380170005000000022561983
00600003000000000000000000130000001074380170005000000022561983
00600003000000000000000000140000001074380170005000000022561983
00600003000000000000000000150000001074380170005000000022561983
00600003000000000000000000160000001074380170005000000022561983
00600003000000000000000000170000001074380170005000000022561983
00600003000000000000000000180000001074380170005000000022561983
00600003000000000000000000190000001074380170005000000022561983
00600003000000000000000000200000001074380170005000000022561983
00600003000000000000000000210000001074380170005000000022561983
00600003000000000000000000220000001074380170005000000022561983
00600003000000000000000000230000002190082640005000000045991736
00600003000000000000000000240000001446280990005000000030371901
00600003000000000000000000250000001983471070005000000041652893
00600003000000000000000000260000002024793390005000000042520661
00600003000000000000000000270000002066115700005000000043388430
