00600003000000000000000000280000000933270150005000000019598673
00600003000000000000000000290000001074380170005000000022561983
00600003000000000000000000300000001074380170005000000022561983
00600003000000000000000000310000001074380170005000000022561983
00600003000000000000000000320000001074380170005000000022561983
00600003000000000000000000330000001074380170005000000022561983
00600003000000000000000000340000001074380170005000000022561983
00600003000000000000000000350000001074380170005000000022561983
00600003000000000000000000360000001239669420005000000026033058
00600003000000000000000000370000001074380170005000000022561983
00600003000000000000000000380000001322314050005000000027768595
00600003000000000000000000390000001074380170005000000022561983
00600003000000000000000000400000001074380170005000000022561983
00600003000000000000000000410000001074380170005000000022561983
00600003000000000000000000420000001239669420005000000026033058
00600003000000000000000000430000001239669420005000000026033058
00600003000000000000000000440000001239669420005000000026033058
00600003000000000000000000450000001074380170005000000022561983
00600003000000000000000000460000001074380170005000000022561983
00600003000000000000000000470000001074380170005000000022561983
00600003000000000000000000480000001239669420005000000026033058
00600003000000000000000000490000001198347110005000000025165289
00600003000000000000000000500000001404958680005000000029504132
00600003000000000000000000510000001115702480005000000023429752
00600003000000000000000000520000001115702480005000000023429752
